-1.374748535454273224e-02
-1.689036749303340912e-02
-6.671389937400817871e-02
-3.589709848165512085e-02
2.319343388080596924e-02
-7.352879643440246582e-02
9.937454015016555786e-03
5.012561008334159851e-02
-5.575731396675109863e-02
4.345233738422393799e-02
-8.574642986059188843e-02
-7.156852632761001587e-02
6.351879984140396118e-02
-1.239047795534133911e-01
3.623733296990394592e-02
-4.807038232684135437e-02
6.811036914587020874e-02
6.226447969675064087e-02
4.605955444276332855e-03
9.746784344315528870e-03
-7.410140335559844971e-02
-2.647925540804862976e-02
1.850566267967224121e-02
4.940492287278175354e-02
-2.989740751218050718e-04
4.639828950166702271e-02
-3.272474184632301331e-02
4.196723550558090210e-02
1.293136738240718842e-02
-1.107804663479328156e-02
-1.776463352143764496e-02
-7.652951776981353760e-02
-2.968538552522659302e-02
9.102033451199531555e-03
-2.864685957320034504e-04
-6.318677216768264771e-02
-5.120635032653808594e-02
-9.193541482090950012e-04
3.851952403783798218e-02
6.182170286774635315e-02
-9.010252356529235840e-02
-3.317472583148628473e-04
7.225970923900604248e-02
1.711372868157923222e-03
-4.350854083895683289e-02
3.119997447356581688e-03
7.142690569162368774e-02
9.498091414570808411e-03
-3.150025010108947754e-02
1.059419140219688416e-01
3.618647530674934387e-02
-4.801605641841888428e-02
3.756645694375038147e-02
7.096338272094726562e-02
-8.479823172092437744e-02
-9.851719439029693604e-02
-5.490961670875549316e-02
-3.707160800695419312e-02
-1.780772581696510315e-02
1.319404691457748413e-02
1.459375023841857910e-02
6.773670320399105549e-04
2.050806209444999695e-02
-1.009432412683963776e-02
-5.305892601609230042e-02
-3.806620463728904724e-02
-8.869674056768417358e-02
4.315565526485443115e-02
-3.383874893188476562e-02
1.776437088847160339e-02
-3.456593677401542664e-02
4.088352993130683899e-02
-5.235464870929718018e-02
-6.174800172448158264e-02
1.080180611461400986e-02
1.300198137760162354e-01
7.272790651768445969e-03
5.843207705765962601e-03
1.917297765612602234e-02
-4.891787841916084290e-02
2.163157612085342407e-02
2.457161992788314819e-02
-1.533184107393026352e-02
-7.879698276519775391e-02
2.287429198622703552e-02
8.020193129777908325e-02
1.882387325167655945e-02
-2.432475052773952484e-02
-4.504070430994033813e-02
1.171926409006118774e-01
3.399768844246864319e-02
3.077861480414867401e-02
-2.904360555112361908e-02
5.458642169833183289e-02
-3.024349734187126160e-02
4.545855149626731873e-02
1.084063109010457993e-02
-2.561600692570209503e-02
5.923718214035034180e-02
6.477378308773040771e-02
-6.795621663331985474e-02
1.475446578115224838e-02
-3.082519955933094025e-02
-4.152072221040725708e-02
-2.695281617343425751e-02
-3.747244481928646564e-04
-3.171569481492042542e-02
-7.585861254483461380e-03
-8.111059665679931641e-03
-9.405790828168392181e-03
-5.448801815509796143e-02
2.772565186023712158e-02
-8.831898868083953857e-02
-6.343566626310348511e-02
4.184308927506208420e-03
-2.602834440767765045e-02
5.241003632545471191e-02
2.538897842168807983e-02
-1.144869849085807800e-01
-5.026808753609657288e-02
-6.022769957780838013e-02
-5.414682626724243164e-02
-1.977358199656009674e-02
-2.406521514058113098e-02
4.759045690298080444e-02
-4.443746060132980347e-02
5.480698868632316589e-02
-7.431615889072418213e-02
-2.665994130074977875e-02
-8.436903357505798340e-02
5.930316075682640076e-02
-5.117422342300415039e-02
1.168082281947135925e-02
8.717147633433341980e-03
-1.506384141976013780e-04
-3.872134909033775330e-02
-2.648934535682201385e-02
-1.039694994688034058e-02
2.466239780187606812e-02
2.906910330057144165e-02
5.771826580166816711e-02
7.143756374716758728e-03
3.148883208632469177e-02
-2.287937700748443604e-02
-3.959289938211441040e-02
-7.176682353019714355e-02
2.247219346463680267e-02
-2.867438830435276031e-02
-5.510142073035240173e-02
2.163242734968662262e-02
-8.059784770011901855e-02
-5.990621447563171387e-02
-3.735136240720748901e-02
-7.308205217123031616e-02
-3.499536588788032532e-02
-2.258115820586681366e-02
-3.842736780643463135e-02
7.148463744670152664e-03
-4.288688674569129944e-02
-7.196752727031707764e-02
-1.005529165267944336e-01
6.030614487826824188e-03
1.653268486261367798e-01
5.597697570919990540e-02
-5.595483258366584778e-02
5.588692799210548401e-02
4.613050818443298340e-02
5.719085410237312317e-02
-6.062803417444229126e-02
-4.199089109897613525e-02
4.348976165056228638e-02
3.576900064945220947e-02
2.379655465483665466e-02
-2.706790156662464142e-02
5.141205713152885437e-02
-4.085725918412208557e-02
3.595498576760292053e-02
3.027399629354476929e-02
-4.093798249959945679e-02
6.524369120597839355e-02
6.067562382668256760e-03
3.518380969762802124e-02
-6.606160104274749756e-02
-1.525949873030185699e-02
-3.707944229245185852e-02
-3.150229156017303467e-02
-6.768622994422912598e-02
-4.789659753441810608e-02
-4.162208363413810730e-02
1.732830144464969635e-02
2.695500478148460388e-02
-4.411870241165161133e-02
1.170381810516119003e-02
3.939049690961837769e-02
5.808800458908081055e-02
4.034349694848060608e-02
-7.668404281139373779e-02
-1.191000714898109436e-01
-4.261381551623344421e-02
-3.789952024817466736e-02
-5.788592994213104248e-02
1.255225986242294312e-01
-3.394064307212829590e-02
-4.424704238772392273e-02
-2.882649749517440796e-02
9.608648251742124557e-04
2.495402283966541290e-02
-4.095479473471641541e-02
-4.303460195660591125e-02
2.102646976709365845e-02
-2.812408097088336945e-02
4.025350511074066162e-02
-2.008727937936782837e-02
-1.132641732692718506e-01
-5.581009760499000549e-02
-2.074669301509857178e-02
6.629627197980880737e-02
-3.578466549515724182e-02
-7.544170320034027100e-02
2.406776696443557739e-02
1.300993561744689941e-01
2.360597066581249237e-02
-4.979818128049373627e-03
-2.736872062087059021e-02
-4.067731648683547974e-02
7.274452131241559982e-03
3.904543817043304443e-02
-4.595280811190605164e-02
-9.132719598710536957e-03
-5.864567309617996216e-02
1.072497200220823288e-02
6.042285636067390442e-02
7.529295049607753754e-03
-6.631432473659515381e-02
1.367813162505626678e-02
2.371734566986560822e-02
6.809610128402709961e-02
-4.927031323313713074e-02
-6.720864772796630859e-02
4.185643419623374939e-02
-7.487476617097854614e-02
-5.359029769897460938e-02
-5.424910038709640503e-02
-1.461413595825433731e-02
3.981661796569824219e-02
1.355782449245452881e-01
2.234432473778724670e-02
-2.938962914049625397e-02
6.220170855522155762e-02
-1.054844707250595093e-01
-1.868383400142192841e-02
4.751601070165634155e-02
6.158343330025672913e-02
-9.250959753990173340e-02
1.159804128110408783e-02
7.476490736007690430e-02
1.255506835877895355e-02
-3.317636996507644653e-02
1.008856575936079025e-02
-8.873751387000083923e-03
-1.178891398012638092e-02
6.389997154474258423e-02
8.842059224843978882e-02
-3.621576726436614990e-02
4.627100005745887756e-02
-4.326040670275688171e-02
3.065691329538822174e-02
6.821250915527343750e-02
4.165504500269889832e-02
-5.360211804509162903e-02
-5.033762007951736450e-02
-8.420207537710666656e-03
6.471093744039535522e-02
-4.236858710646629333e-02
4.170352220535278320e-02
2.728762850165367126e-02
-9.672335349023342133e-03
3.900740668177604675e-02
8.819095790386199951e-02
-3.513788059353828430e-02
-3.335294127464294434e-02
2.244300022721290588e-02
-9.715818800032138824e-03
2.186607941985130310e-02
-5.581091344356536865e-02
-5.244499072432518005e-02
-4.041957110166549683e-02
4.350015148520469666e-02
3.721735998988151550e-02
8.929263055324554443e-02
2.536948025226593018e-02
3.726901486515998840e-02
2.163683995604515076e-02
4.407193511724472046e-02
9.965972974896430969e-03
-2.663664519786834717e-02
-1.976856589317321777e-02
-9.198623895645141602e-02
7.717701047658920288e-02
1.169434376060962677e-02
-4.669024422764778137e-02
-4.092760756611824036e-02
-3.113929554820060730e-02
-4.826196283102035522e-02
1.432476378977298737e-02
2.296939678490161896e-02
6.273999810218811035e-02
7.457264233380556107e-03
-1.193608436733484268e-02
-1.729541271924972534e-02
6.287034600973129272e-02
-3.677234426140785217e-02
3.833223134279251099e-02
-8.774336427450180054e-02
-6.016673520207405090e-02
5.029133334755897522e-02
1.801069229841232300e-01
-5.498631671071052551e-02
6.290736794471740723e-02
1.022858638316392899e-02
-3.836062923073768616e-02
1.279345303773880005e-01
-4.454118385910987854e-02
4.739402979612350464e-02
-8.211013674736022949e-02
5.062384158372879028e-02
-1.765470393002033234e-02
3.278319025412201881e-03
3.154188394546508789e-02
-5.546290427446365356e-02
7.619509845972061157e-02
7.489240914583206177e-02
1.139010209590196609e-02
-3.354568779468536377e-02
1.711963675916194916e-02
-3.381209447979927063e-02
3.796595707535743713e-02
1.422702614217996597e-02
6.603607535362243652e-02
-7.864012569189071655e-02
-3.598679974675178528e-02
-1.550759281963109970e-02
-3.034445829689502716e-02
1.529758796095848083e-02
2.174276672303676605e-02
-9.796334430575370789e-03
3.094586171209812164e-02
-1.789287663996219635e-02
5.098241847008466721e-03
-1.495194248855113983e-02
5.785895511507987976e-02
5.491862446069717407e-02
3.290445730090141296e-02
1.116237714886665344e-01
-2.193740196526050568e-02
-9.314407594501972198e-03
4.285040870308876038e-02
2.634766697883605957e-02
1.094246879220008850e-01
6.331641972064971924e-02
5.932353436946868896e-02
2.962387353181838989e-02
4.667814448475837708e-02
-3.520017117261886597e-02
4.956448823213577271e-02
-1.973541453480720520e-02
-8.472492545843124390e-02
1.812205649912357330e-02
1.023119240999221802e-01
4.795229807496070862e-02
-9.468497708439826965e-03
3.224737197160720825e-02
1.737326197326183319e-02
2.467552013695240021e-02
5.011352524161338806e-02
-4.989788308739662170e-02
-9.082992561161518097e-03
7.727126125246286392e-03
-3.743010386824607849e-02
-1.766015402972698212e-02
9.148104116320610046e-03
-5.851174145936965942e-02
1.011802814900875092e-02
5.350085347890853882e-02
